v 0.912775 -0.190190
v 0.000000 -1.000000
v -0.195090 -0.980785
v -0.382683 -0.923880
v -0.555570 -0.831470
v -0.707107 -0.707107
v -0.831470 -0.555570
v -0.923880 -0.382683
v -0.980785 -0.195090
v -1.000000 -0.000000
v -0.980785 0.195090
v -0.923880 0.382683
v -0.831470 0.555570
v -0.707107 0.707107
v -0.555570 0.831470
v -0.382683 0.923880
v -0.195090 0.980785
v 0.000000 1.000000
v 0.195091 0.980785
v 0.382684 0.923879
v 0.555571 0.831469
v 0.707107 0.707106
v 0.831470 0.555570
v 0.923880 0.382683
v 0.980785 0.195089
v 1.000000 -0.000001
v 0.980785 -0.195091
v 0.923879 -0.382684
v 0.831469 -0.555571
v 0.707106 -0.707108
v 0.555569 -0.831470
v 0.382682 -0.923880
v 0.195089 -0.980786
v 0.789019 -0.370896
v 0.633490 -0.535174
v 0.452164 -0.676713
v 0.252008 -0.790072
v 0.040716 -0.870895
v -0.173592 -0.916076
v 0.861298 0.017539
v 0.707018 -0.158153
v 0.523877 -0.325235
v 0.318910 -0.477285
v 0.099997 -0.608462
v -0.124452 -0.713723
v -0.345809 -0.789023
v 0.773074 0.230053
v 0.591489 0.070183
v 0.386104 -0.090783
v 0.164811 -0.246659
v -0.063885 -0.391456
v -0.291195 -0.519607
v -0.508384 -0.626189
v 0.653282 0.436508
v 0.449988 0.300672
v 0.229402 0.153281
v -0.000000 -0.000000
v -0.229403 -0.153282
v -0.449989 -0.300673
v -0.653281 -0.436509
v 0.508384 0.626189
v 0.291194 0.519606
v 0.063884 0.391455
v -0.164812 0.246658
v -0.386105 0.090782
v -0.591490 -0.070184
v -0.773074 -0.230053
v 0.345809 0.789023
v 0.124451 0.713722
v -0.099998 0.608461
v -0.318911 0.477284
v -0.523878 0.325233
v -0.707019 0.158152
v -0.861298 -0.017540
v 0.173593 0.916076
v -0.040717 0.870894
v -0.252009 0.790071
v -0.452165 0.676712
v -0.633491 0.535173
v -0.789020 0.370895
v -0.912775 0.190188

p 71 77 70
p 78 16 77
p 57 63 56
p 57 49 50
p 50 42 43
p 43 35 36
p 36 30 31
p 77 17 76
p 70 76 69
p 63 69 62
p 56 62 55
p 56 48 49
p 49 41 42
p 42 34 35
p 35 29 30
p 76 18 75
p 69 75 68
p 62 68 61
p 55 61 54
p 55 47 48
p 48 40 41
p 41 1 34
p 34 28 29
p 75 19 20
p 68 20 21
p 61 21 22
p 54 22 23
p 54 24 47
p 47 25 40
p 40 26 1
p 1 27 28
p 64 70 63
p 32 36 31
p 37 43 36
p 44 50 43
p 51 57 50
p 65 57 58
p 72 64 65
p 79 71 72
p 14 78 79
p 33 37 32
p 38 44 37
p 45 51 44
p 52 58 51
p 66 58 59
p 73 65 66
p 80 72 73
p 13 79 80
p 2 38 33
p 39 45 38
p 46 52 45
p 53 59 52
p 67 59 60
p 74 66 67
p 81 73 74
p 12 80 81
p 3 39 2
p 4 46 39
p 5 53 46
p 6 60 53
p 8 60 7
p 9 67 8
p 10 74 9
p 11 81 10
p 71 78 77
p 78 15 16
p 57 64 63
p 57 56 49
p 50 49 42
p 43 42 35
p 36 35 30
p 77 16 17
p 70 77 76
p 63 70 69
p 56 63 62
p 56 55 48
p 49 48 41
p 42 41 34
p 35 34 29
p 76 17 18
p 69 76 75
p 62 69 68
p 55 62 61
p 55 54 47
p 48 47 40
p 41 40 1
p 34 1 28
p 75 18 19
p 68 75 20
p 61 68 21
p 54 61 22
p 54 23 24
p 47 24 25
p 40 25 26
p 1 26 27
p 64 71 70
p 32 37 36
p 37 44 43
p 44 51 50
p 51 58 57
p 65 64 57
p 72 71 64
p 79 78 71
p 14 15 78
p 33 38 37
p 38 45 44
p 45 52 51
p 52 59 58
p 66 65 58
p 73 72 65
p 80 79 72
p 13 14 79
p 2 39 38
p 39 46 45
p 46 53 52
p 53 60 59
p 67 66 59
p 74 73 66
p 81 80 73
p 12 13 80
p 3 4 39
p 4 5 46
p 5 6 53
p 6 7 60
p 8 67 60
p 9 74 67
p 10 81 74
p 11 12 81
